0	0
1	0
2	0
3	0
4	1
5	1
6	1
7	2
8	2
9	2
10	3
11	3
12	3
13	4
14	4
15	4
16	5
17	5
18	5
19	6
20	6
21	6
22	7
23	7
24	7
25	8
26	8
27	8
28	9
29	9
30	9
31	10
32	10
33	10
34	11
35	11
36	11
37	12
38	12
39	12
40	13
41	13
42	13
43	14
44	14
45	14
46	15
47	15
48	15
49	16
50	16
51	16
52	17
53	17
54	17
55	18
56	18
57	18
58	19
59	19
60	19
61	20
62	20
63	20
64	21
65	21
66	21
67	22
68	22
69	22
70	23
71	23
72	23
73	24
74	24
75	24
76	25
77	25
78	25
79	26
80	26
81	26
82	27
83	27
84	27
85	28
86	28
87	28
88	29
89	29
90	29
91	30
92	30
93	30
94	31
95	31
96	31
97	32
98	32
99	32
100	33
101	33
102	33
103	33
104	34
105	34
106	34
107	35
108	35
109	35
110	36
111	36
112	36
113	37
114	37
115	37
116	38
117	38
118	38
119	39
120	39
121	39
122	40
123	40
124	40
125	41
126	41
127	41
128	42
129	42
130	42
131	43
132	43
133	43
134	44
135	44
136	44
137	45
138	45
139	45
140	46
141	46
142	46
143	47
144	47
145	47
146	48
147	48
148	48
149	49
150	49
151	49
152	50
153	50
154	50
155	51
156	51
157	51
158	52
159	52
160	52
161	53
162	53
163	53
164	54
165	54
166	54
167	55
168	55
169	55
170	56
171	56
172	56
173	57
174	57
175	57
176	58
177	58
178	58
179	59
180	59
181	59
182	60
183	60
184	60
185	61
186	61
187	61
188	62
189	62
190	62
191	63
192	63
193	63
194	64
195	64
196	64
197	65
198	65
199	65
200	66
201	66
202	66
203	66
204	67
205	67
206	67
207	68
208	68
209	68
210	69
211	69
212	69
213	70
214	70
215	70
216	71
217	71
218	71
219	72
220	72
221	72
222	73
223	73
224	73
225	74
226	74
227	74
228	75
229	75
230	75
231	76
232	76
233	76
234	77
235	77
236	77
237	78
238	78
239	78
240	79
241	79
242	79
243	80
244	80
245	80
246	81
247	81
248	81
249	82
250	82
251	82
252	83
253	83
254	83
255	84
256	84
257	84
258	85
259	85
260	85
261	86
262	86
263	86
264	87
265	87
266	87
267	88
268	88
269	88
270	89
271	89
272	89
273	90
274	90
275	90
276	91
277	91
278	91
279	92
280	92
281	92
282	93
283	93
284	93
285	94
286	94
287	94
288	95
289	95
290	95
291	96
292	96
293	96
294	97
295	97
296	97
297	98
298	98
299	98
300	99
301	99
302	99
303	99
304	100
305	100
306	100
307	101
308	101
309	101
310	102
311	102
312	102
313	103
314	103
315	103
316	104
317	104
318	104
319	105
320	105
321	105
322	106
323	106
324	106
325	107
326	107
327	107
328	108
329	108
330	108
331	109
332	109
333	109
334	110
335	110
336	110
337	111
338	111
339	111
340	112
341	112
342	112
343	113
344	113
345	113
346	114
347	114
348	114
349	115
350	115
351	115
352	116
353	116
354	116
355	117
356	117
357	117
358	118
359	118
360	118
361	119
362	119
363	119
364	120
365	120
366	120
367	121
368	121
369	121
370	122
371	122
372	122
373	123
374	123
375	123
376	124
377	124
378	124
379	125
380	125
381	125
382	126
383	126
384	126
385	127
386	127
387	127
388	128
389	128
390	128
391	129
392	129
393	129
394	130
395	130
396	130
397	131
398	131
399	131
400	132
401	132
402	132
403	132
404	133
405	133
406	133
407	134
408	134
409	134
410	135
411	135
412	135
413	136
414	136
415	136
416	137
417	137
418	137
419	138
420	138
421	138
422	139
423	139
424	139
425	140
426	140
427	140
428	141
429	141
430	141
431	142
432	142
433	142
434	143
435	143
436	143
437	144
438	144
439	144
440	145
441	145
442	145
443	146
444	146
445	146
446	147
447	147
448	147
449	148
450	148
451	148
452	149
453	149
454	149
455	150
456	150
457	150
458	151
459	151
460	151
461	152
462	152
463	152
464	153
465	153
466	153
467	154
468	154
469	154
470	155
471	155
472	155
473	156
474	156
475	156
476	157
477	157
478	157
479	158
480	158
481	158
482	159
483	159
484	159
485	160
486	160
487	160
488	161
489	161
490	161
491	162
492	162
493	162
494	163
495	163
496	163
497	164
498	164
499	164
500	165
501	165
502	165
503	165
504	166
505	166
506	166
507	167
508	167
509	167
510	168
511	168
512	168
513	169
514	169
515	169
516	170
517	170
518	170
519	171
520	171
521	171
522	172
523	172
524	172
525	173
526	173
527	173
528	174
529	174
530	174
531	175
532	175
533	175
534	176
535	176
536	176
537	177
538	177
539	177
540	178
541	178
542	178
543	179
544	179
545	179
546	180
547	180
548	180
549	181
550	181
551	181
552	182
553	182
554	182
555	183
556	183
557	183
558	184
559	184
560	184
561	185
562	185
563	185
564	186
565	186
566	186
567	187
568	187
569	187
570	188
571	188
572	188
573	189
574	189
575	189
576	190
577	190
578	190
579	191
580	191
581	191
582	192
583	192
584	192
585	193
586	193
587	193
588	194
589	194
590	194
591	195
592	195
593	195
594	196
595	196
596	196
597	197
598	197
599	197
600	198
601	198
602	198
603	198
604	199
605	199
606	199
607	200
608	200
609	200
610	201
611	201
612	201
613	202
614	202
615	202
616	203
617	203
618	203
619	204
620	204
621	204
622	205
623	205
624	205
625	206
626	206
627	206
628	207
629	207
630	207
631	208
632	208
633	208
634	209
635	209
636	209
637	210
638	210
639	210
640	211
641	211
642	211
643	212
644	212
645	212
646	213
647	213
648	213
649	214
650	214
651	214
652	215
653	215
654	215
655	216
656	216
657	216
658	217
659	217
660	217
661	218
662	218
663	218
664	219
665	219
666	219
667	220
668	220
669	220
670	221
671	221
672	221
673	222
674	222
675	222
676	223
677	223
678	223
679	224
680	224
681	224
682	225
683	225
684	225
685	226
686	226
687	226
688	227
689	227
690	227
691	228
692	228
693	228
694	229
695	229
696	229
697	230
698	230
699	230
700	231
701	231
702	231
703	231
704	232
705	232
706	232
707	233
708	233
709	233
710	234
711	234
712	234
713	235
714	235
715	235
716	236
717	236
718	236
719	237
720	237
721	237
722	238
723	238
724	238
725	239
726	239
727	239
728	240
729	240
730	240
731	241
732	241
733	241
734	242
735	242
736	242
737	243
738	243
739	243
740	244
741	244
742	244
743	245
744	245
745	245
746	246
747	246
748	246
749	247
750	247
751	247
752	248
753	248
754	248
755	249
756	249
757	249
758	250
759	250
760	250
761	251
762	251
763	251
764	252
765	252
766	252
767	253
768	253
769	253
770	254
771	254
772	254
773	255
774	255
775	255
776	256
777	256
778	256
779	257
780	257
781	257
782	258
783	258
784	258
785	259
786	259
787	259
788	260
789	260
790	260
791	261
792	261
793	261
794	262
795	262
796	262
797	263
798	263
799	263
800	264
801	264
802	264
803	264
804	265
805	265
806	265
807	266
808	266
809	266
810	267
811	267
812	267
813	268
814	268
815	268
816	269
817	269
818	269
819	270
820	270
821	270
822	271
823	271
824	271
825	272
826	272
827	272
828	273
829	273
830	273
831	274
832	274
833	274
834	275
835	275
836	275
837	276
838	276
839	276
840	277
841	277
842	277
843	278
844	278
845	278
846	279
847	279
848	279
849	280
850	280
851	280
852	281
853	281
854	281
855	282
856	282
857	282
858	283
859	283
860	283
861	284
862	284
863	284
864	285
865	285
866	285
867	286
868	286
869	286
870	287
871	287
872	287
873	288
874	288
875	288
876	289
877	289
878	289
879	290
880	290
881	290
882	291
883	291
884	291
885	292
886	292
887	292
888	293
889	293
890	293
891	294
892	294
893	294
894	295
895	295
896	295
897	296
898	296
899	296
900	297
901	297
902	297
903	297
904	298
905	298
906	298
907	299
908	299
909	299
910	300
911	300
912	300
913	301
914	301
915	301
916	302
917	302
918	302
919	303
920	303
921	303
922	304
923	304
924	304
925	305
926	305
927	305
928	306
929	306
930	306
931	307
932	307
933	307
934	308
935	308
936	308
937	309
938	309
939	309
940	310
941	310
942	310
943	311
944	311
945	311
946	312
947	312
948	312
949	313
950	313
951	313
952	314
953	314
954	314
955	315
956	315
957	315
958	316
959	316
960	316
961	317
962	317
963	317
964	318
965	318
966	318
967	319
968	319
969	319
970	320
971	320
972	320
973	321
974	321
975	321
976	322
977	322
978	322
979	323
980	323
981	323
982	324
983	324
984	324
985	325
986	325
987	325
988	326
989	326
990	326
991	327
992	327
993	327
994	328
995	328
996	328
997	329
998	329
999	329
1000	330
1001	330
1002	330
1003	330
1004	331
1005	331
1006	331
1007	332
1008	332
1009	332
1010	333
1011	333
1012	333
1013	334
1014	334
1015	334
1016	335
1017	335
1018	335
1019	336
1020	336
1021	336
1022	337
1023	337
